74
2.55 2.1 2
2.55 2.1 3
-1.35 -1.75 4
2.55 2.1 5
-1.35 -1.75 6
-1.35 -1.75 7
2.55 2.1 7.5
2.55 2.1 8.5
-1.35 -1.75 9
-1.35 -1.75 9.5
2.55 2.1 10
3.35 0.15  11
-1.35 2.1 18
-1.35 2.1 19
2.55 -1.75 20
2.55 -1.75 21
2.55 -1.75 22
0.6 2.9 23
0.6 2.9 24.5
0.6 2.9 25
0.6 -2.6 26
0.6 -2.6 26.5
0.6 -2.6 27
0.6 -2.6 27.5
3.35 0.15 32
3.35 0.15 32.5
3.35 0.15 33.5
3.35 0.15 34.5
-2.15 0.15 36
-2.15 0.15 36.5
-2.15 0.15 37.5
-2.15 0.15 38.5
0.6 2.9 40
0.6 2.9 40.5
0.6 -2.6 41.5
0.6 2.9 42.5
0.6 -2.6 43.5
0.6 2.9 44.5
0.6 -2.6 45.5
2.55 -1.75 46.5
-1.35 2.1 48.5
2.55 -1.75 49.5
-1.35 2.1 50.5
-1.35 2.1 51
-1.35 2.1 51.5
2.55 -1.75 52.5
0.6 2.9 53.5
0.6 -2.6 54.5
2.55 -1.75 56.5
-1.35 2.1 57.5
-1.35 2.1 58.5
-1.35 2.1 59.5
2.55 -1.75 60.5
-1.35 2.1 61.5
-1.35 2.1 62.5
-1.35 2.1 63
-2.15 0.15 64
-2.15 0.15 64.5
-2.15 0.15 65.5
3.35 0.15 66.5
3.35 0.15 67.5
-2.15 0.15 68.5
-2.15 0.15 69.5
2.55 -1.75 70.5
2.55 -1.75 71.5
-1.35 2.1 72
2.55 -1.75 72.5
-1.35 2.1 73
2.55 -1.75 73.5
0.6 -2.6 76.5
0.6 2.9 77
0.6 -2.6 77.5
0.6 2.9 78
0.6 -2.6 78.5