80
3.35 0.15 3
-2.15 0.15 4
3.35 0.15 4.5
-2.15 0.15 5.5
-2.15 0.15 6.5
-2.15 0.15 8
3.35 0.15 8.5
3.35 0.15 9
-2.15 0.15 11
3.35 0.15 12
-2.15 0.15 13
-2.15 0.15 13.5
-2.15 0.15 14.5
3.35 0.15 15.5
-2.15 0.15 16
-2.15 0.15 16.5
-2.15 0.15 17
3.35 0.15 18
-2.15 0.15 20
3.35 0.15 21
-2.15 0.15 21.5
-2.15 0.15 23.5
-2.15 0.15 24
3.35 0.15 24.5
-2.15 0.15 25
-2.15 0.15 27
3.35 0.15 28
-2.15 0.15 29.5
-2.15 0.15 30.5
-2.15 0.15 31.5
3.35 0.15 32
-2.15 0.15 32.5
3.35 0.15 33
-2.15 0.15 36
-2.15 0.15 36.5
-2.15 0.15 37
2.55 -1.75 37.5
2.55 -1.75 38
2.55 -1.75 40
-2.15 0.15 40.5
-2.15 0.15 41
2.55 -1.75 41.5
2.55 -1.75 42
2.55 -1.75 44
-2.15 0.15 44.5
-2.15 0.15 45
0.6 2.9 45.5
0.6 -2.6 46
2.55 -1.75 46.5
-1.35 2.1 47
2.55 -1.75 47.5
-1.35 2.1 48
-1.35 2.1 50
-1.35 2.1 51
2.55 -1.75 52
0.6 2.9 52.5
0.6 -2.6 53
2.55 -1.75 54
-1.35 2.1 55
-1.35 2.1 56
-1.35 2.1 58
2.55 -1.75 59
-1.35 2.1 60
-1.35 2.1 60.5
-1.35 2.1 61
-2.15 0.15 62
-2.15 0.15 63
-2.15 0.15 64
3.35 0.15 64.5
3.35 0.15 65.5
-2.15 0.15 66
-2.15 0.15 67
2.55 -1.75 68
2.55 -1.75 69
-1.35 2.1 70
2.55 -1.75 71
-1.35 2.1 72
2.55 -1.75 73
2.55 -1.75 73.5