74
-2.0 -0.5 2
-2.0 0.5 3
2.75 -0.5 4
2.75 0.5 5
2.75 0.5 6
2.75 -0.5 7
2.75 -0.5 7.5
-2.0 0.5 8.5
-2 1 9
-2 1.5 9.5
-2 1.5 10
-2 1.5 11
-2.0 -0.5 18
-2.0 0.5 19
2.75 -0.5 20
2.75 0.5 21
2.75 0.5 22
2.75 -0.5 23
-2 0.5 24.5
-2 0.75 25
-2 1 25.5
-2 1.5 26.5
-2 1.5 27
-2 1 27.5
2.75 -0.5 32
2.75 0 32.5
2.75 0.75 33.5
2.75 1 34.5
-2 -0.5 36
-2 0 36.5
-2 0.5 37.5
-2 1 38.5
2.75 -0.5 40
2.75 0 40.5
2.75 0.75 41.5
-2 0 42.5
-2 0.5 43.5
-2 1 44.5
-2 1 45.5
-2 1.5 46.5
2.25 0.5 48.5
2.25 0.75 49.5
2.25 1 50.5
2.25 0.75 51
2.25 0.5 51.5
2.25 0.25 52.5
2.25 0 53.5
2.25 1 54.5
-1.75 0.5 56.5
-1.75 0.25 57.5
-1.75 0 58.5
-1.75 0 59.5
-1.75 0.25 60.5
-1.75 0 61.5
-1.75 -0.25 62.5
-1.75 -0.25 63
-1.75 -0.25 64
2.25 0.5 64.5
2.25 0.75 65.5
2.25 1 66.5
2.25 0.5 67.5
2.25 0.25 68.5
2.25 0 69.5
2.25 1 70.5
2.25 0.75 71.5
2.25 0.75 72
-1.75 0.25 72.5
-1.75 0.75 73
-1.75 0.75 73.5
2.25 1 76.5
2.25 1 77
2.25 1 77.5
2.25 1 78
2.25 0.5 79