90
-2.0 -0.5 2
-2.5 0 2.5
-2.0 0.5 3
2.75 -0.5 4
3 0 4.5
2.75 0.5 5
2.75 0.5 6
3 0 7
2.75 -0.5 7.5
2.75 -0.5 8.5
-2.0 0.5 9
-2 1 9.5
-2 1 10
-2 1 11
0 0 18
0 0 18.5
0 0 19
0 0 20
0 0 20.5
0 0 21
0 0 22
0 0 23
0 0 23.5
0 0 24.5
0 0 25
0 0 25.5
0 0 26.5
0 0 27
0 0 27.5
0 0 32.5
0 0 33
0 0 33.5
0 0 34
0 0 34.5
0 0 35
0 0 36.5
0 0 37
0 0 37.5
0 0 38
0 0 38.5
0 0 39
0 0 40.5
0 0 41
0 0 41.5
0 0 42
0 0 42.5
0 0 43
0 0 43.5
0 0 44
0 0 44.5
0 0 45
0 0 45.5
0 0 46
0 0 46.5
0 0 47
0 0 49
0 0 50
0 0 51
0 0 51.5
0 0 52
0 0 53
0 0 54
0 0 55
0 0 57
0 0 58
0 0 59
0 0 59.5
0 0 60
0 0 61
0 0 62
0 0 63
0 0 63.5
0 0 64.5
0 0 65
0 0 66
0 0 67
0 0 68
0 0 69
0 0 70
0 0 71
0 0 72
0 0 72.5
0 0 73
0 0 73.5
0 0 74
0 0 77.5
0 0 78
0 0 78.5
0 0 79
0 0 80