75
3.35 0.15 3
-2.15 0.15 4
3.35 0.15 5
-2.15 0.15 5.5
-2.15 0.15 7
-2.15 0.15 8
3.35 0.15 8.5
2.55 2.1 10
-1.35 -1.75 11
2.55 2.1 12
-1.35 -1.75 12.5
-2.15 0.15 14
-2.15 0.15 15
3.35 0.15 15.5
-2.15 0.15 16
-2.15 0.15 16.5
-2.15 0.15 17
3.35 0.15 19
-2.15 0.15 20
3.35 0.15 21
-2.15 0.15 21.5
-1.35 2.1 23
2.55 -1.75 24
-1.35 2.1 24.5
-2.15 0.15 26
-2.15 0.15 27
3.35 0.15 27.5
-2.15 0.15 28
-2.15 0.15 28.5
-2.15 0.15 29
3.35 0.15 30
-2.15 0.15 30.5
3.35 0.15 31
-2.15 0.15 31.5
-2.15 0.15 32
-2.15 0.15 32.5
2.55 -1.75 35.5
-1.35 2.1 36
2.55 -1.75 36.5
0.6 2.9 38.5
0.6 2.9 39
0.6 2.9 39.5
2.55 2.1 42.5
-1.35 -1.75 43.5
2.55 2.1 44.5
-1.35 -1.75 45.5
2.55 2.1 46.5
3.35 0.15 48.5
-2.15 0.15 49.5
3.35 0.15 50.5
3.35 0.15 51
3.35 0.15 51.5
3.35 0.15 52.5
3.35 0.15 53.5
3.35 0.15 54.5
2.55 -1.75 56.5
-1.35 2.1 57.5
2.55 -1.75 58.5
2.55 -1.75 59.5
2.55 -1.75 60.5
-1.35 2.1 61.5
2.55 -1.75 62.5
2.55 -1.75 63
0.6 2.9 64
0.6 2.9 64.5
0.6 -2.6 65.5
0.6 2.9 66.5
0.6 -2.6 67.5
0.6 2.9 68.5
0.6 2.9 69.5
2.55 2.1 70.5
2.55 2.1 71.5
-1.35 -1.75 72
2.55 2.1 73
2.55 2.1 74.5